  1.577
 -1.417
  0.530
  0.160
  0.152
 -0.336
 -0.093
 -0.363
  1.358
 -0.067
  0.707
 -0.389
  0.242
  0.636
  0.054
  0.105
  0.426
 -0.390
 -0.624
  0.790
  0.019
  0.720
 -0.150
  0.032
  0.472
  0.515
  0.095
  0.706
  0.418
  0.550
  0.815
 -0.642
 -0.462
 -0.426
 -0.655
 -0.376
 -0.005
  0.465
 -0.152
 -0.539
 -0.061
  0.516
 -0.118
  0.419
 -0.140
 -1.520
 -0.558
 -0.063
 -1.006
 -0.056
 -0.411
  0.264
 -0.407
 -0.319
  1.017
 -1.034
 -0.618
 -0.427
 -0.918
 -0.420
 -0.024
 -0.226
 -0.164
  0.186
  0.187
  0.337
  0.582
  0.218
  0.725
  0.225
  0.426
 -0.928
 -0.297
  0.133
  0.133
 -1.247
  0.148
  0.338
 -0.057
 -0.730
 -0.098
 -0.026
  0.255
  0.042
 -0.271
 -0.579
  0.187
 -0.709
  0.423
  1.164
 -0.609
  0.485
  0.066
  0.363
 -0.209
 -0.807
  0.291
  0.198
  0.814
 -0.402
 -0.767
  0.806
  0.633
  0.418
  0.493
  0.030
 -0.163
 -0.572
 -0.689
 -0.595
  0.993
 -0.608
  0.021
  0.003
 -0.165
 -0.094
  0.158
  0.742
  0.744
  0.026
  1.079
  0.463
 -0.089
  0.065
 -0.513
 -0.270
  0.340
  0.131
 -0.524
 -0.297
  0.636
 -0.122
  0.213
  0.303
 -0.511
  0.242
 -0.347
 -0.408
 -0.316
 -0.935
  0.502
 -0.213
 -0.383
 -0.791
  0.995
 -0.141
 -0.703
 -0.171
 -0.235
  1.131
  0.056
 -1.174
  0.097
  0.614
  0.800
 -0.462
  0.605
  0.069
 -0.361
 -1.342
 -0.565
 -0.416
 -0.549
 -0.651
 -0.594
 -0.059
  0.747
 -0.168
  0.371
  0.387
  0.004
  0.032
 -0.376
 -0.008
  0.358
 -0.522
 -0.906
  0.364
 -0.030
 -0.057
  0.147
 -1.733
  0.936
  0.484
 -0.049
  1.109
 -0.442
 -0.160
  1.525
 -1.168
  0.112
  0.049
 -0.184
 -0.291
  1.031
 -0.394
  0.456
 -0.005
 -0.537
 -0.819
  0.000
  0.802
 -0.545
 -0.055
  0.001
  0.114
  0.777
  0.284
  0.232
 -0.727
 -0.058
  0.918
 -0.164
 -0.141
  0.138
  0.524
 -0.367
 -0.266
 -0.205
  0.483
 -0.363
  0.396
  0.056
 -0.697
 -0.332
  0.036
 -0.537
  0.409
 -0.669
  0.943
  0.732
 -0.407
 -0.389
  0.196
  0.054
 -0.583
 -0.386
  0.419
 -0.130
  0.814
 -0.843
  0.262
  0.642
 -0.070
 -0.476
 -0.125
  0.379
 -0.411
  0.550
  0.406
 -0.430
  0.666
  0.778
 -0.662
 -0.102
  0.053
 -0.059
 -0.083
 -1.472
 -0.628
 -0.002
 -0.215
 -0.221
  0.483
  0.373
  0.042
 -0.570
  1.004
  0.758
 -0.929
  0.487
 -0.896
  0.344
 -0.189
 -1.038
  0.021
  0.407
 -0.444
 -0.474
  0.199
  0.205
  0.150
  0.589
  0.332
 -0.075
 -0.233
  1.323
  0.358
 -0.390
 -0.373
 -2.035
 -0.490
  0.358
 -0.824
  0.490
  0.735
  0.370
  0.766
 -0.277
 -0.968
 -0.970
  0.097
 -0.212
 -1.075
 -0.501
  0.546
  0.527
  1.036
 -0.557
  0.399
 -0.129
  0.278
 -0.947
  0.859
 -0.914
 -0.417
  0.151
 -0.182
  0.709
  0.178
 -0.614
  0.090
  0.293
 -0.174
  0.538
  0.103
 -0.339
  0.213
 -0.460
  0.235
  0.207
  0.673
  0.198
 -0.717
 -1.374
  0.745
  0.487
  0.125
 -0.222
  0.145
  0.881
 -0.164
 -0.385
 -0.023
 -0.020
 -0.276
  0.066
  0.336
  1.104
  1.164
  0.369
 -0.415
  0.284
  0.817
 -0.438
  0.324
  1.092
 -0.606
  1.004
  0.771
 -0.410
  1.298
 -0.094
 -1.020
 -0.744
  0.172
  0.086
  0.297
  0.096
 -0.314
 -0.698
  0.348
  0.091
  1.086
 -0.403
 -1.293
  0.141
 -0.114
  0.510
 -0.001
 -0.383
 -0.569
 -0.378
  0.393
  0.902
  0.830
 -0.056
  0.092
 -0.547
  0.298
  0.258
  0.403
 -0.735
  0.705
 -1.311
 -0.423
 -0.036
  0.424
 -1.186
 -0.277
 -1.179
 -1.262
 -0.362
  0.502
  0.216
  0.458
 -1.048
 -0.458
 -0.347
  0.876
 -0.101
 -0.615
  0.760
  0.452
  0.081
  0.344
 -0.626
 -0.434
 -0.491
  0.294
  0.826
  0.425
 -1.080
  0.988
 -0.181
 -0.517
  0.203
 -0.062
 -0.622
 -0.351
  0.300
 -0.125
 -0.822
 -0.289
  0.159
  0.290
  1.067
  0.589
 -0.127
 -0.461
  0.440
  0.367
 -0.410
 -1.771
  0.422
  0.249
 -0.053
  0.555
 -0.615
 -0.172
 -0.198
  0.049
  0.097
  0.814
 -0.689
  0.651
 -1.502
 -0.134
  0.674
 -0.681
 -1.262
 -0.381
  0.146
 -0.989
 -0.703
  0.124
  0.538
 -0.444
 -0.557
 -0.937
 -0.029
 -1.066
 -0.612
  0.102
  0.409
 -0.070
 -0.877
  0.417
 -0.044
  0.763
 -0.365
 -0.192
 -0.184
 -0.795
  0.507
 -0.253
  0.316
 -1.165
 -0.194
 -1.431
  1.616
 -0.794
 -0.219
  1.388
  1.054
  0.576
  1.187
  1.020
 -0.002
 -0.702
  1.219
 -0.464
  0.072
  1.327
  2.098
  0.248
  0.718
 -0.415
 -0.510
  0.088
 -0.502
  1.056
  0.263
  0.374
 -1.309
  0.471
 -0.075
 -0.460
  0.421
  0.440
 -1.616
  0.460
  0.742
 -0.583
 -0.573
  0.739
  0.502
 -0.726
 -0.292
 -0.028
  0.204
  0.122
  0.486
 -0.158
  0.712
  0.012
  0.112
 -0.244
  0.584
  0.311
 -0.088
  0.150
 -0.210
 -0.597
 -0.673
  0.106
 -1.298
  0.407
  0.029
  0.398
  0.889
  0.538
  0.621
 -1.859
 -1.175
  0.393
  0.734
  0.909
 -0.524
  0.864
  0.269
  0.208
  0.471
 -0.689
  0.728
  0.424
 -0.369
  0.251
 -0.432
 -0.937
