 -0.658
  0.127
 -0.961
  0.611
  0.334
 -0.871
 -1.486
  0.148
  0.295
  0.856
 -1.195
  0.268
 -0.862
  0.718
 -0.443
 -0.291
 -0.145
  0.688
  0.495
 -0.304
  0.290
  0.128
 -0.304
  1.164
  0.659
  0.653
 -0.839
 -1.473
 -0.211
 -0.604
 -0.158
 -0.725
  0.175
  0.772
 -0.526
  0.525
 -0.444
  0.537
 -0.350
 -0.762
  0.563
 -0.329
  0.813
  0.096
 -0.247
  0.296
  0.556
  0.491
  0.061
 -0.188
 -0.898
  0.379
  0.329
 -0.323
  0.810
  0.285
 -0.572
  1.001
 -0.319
  0.607
 -1.007
  0.276
 -0.208
 -0.616
 -0.829
  1.073
  0.517
  0.127
  0.024
 -0.083
  0.709
  0.115
 -0.224
  0.251
  0.068
  0.716
  0.092
  0.403
 -2.176
 -0.126
 -0.366
 -1.686
  0.494
 -0.087
  0.624
  0.819
  0.323
  0.395
  0.526
 -0.593
  0.045
  0.239
  0.173
  0.147
  0.674
 -0.321
 -0.054
  0.058
 -0.185
 -0.751
 -1.068
 -0.136
  0.580
  0.570
  0.345
 -1.559
  0.321
 -1.260
  1.119
  0.006
  0.228
  0.418
  0.668
 -0.398
 -0.111
  0.150
 -0.162
 -0.197
  0.294
 -0.305
 -0.609
  0.398
  0.568
 -0.440
  0.581
 -0.419
  0.603
 -0.699
 -0.221
 -0.495
  1.016
 -0.079
  0.129
  0.256
 -0.344
  0.853
  1.572
 -0.753
 -0.863
 -0.069
  0.090
 -0.347
  0.071
 -0.664
 -0.161
  0.118
  0.608
  0.271
  0.097
 -1.404
 -0.177
 -0.206
  1.264
 -1.833
 -0.037
 -0.127
 -0.169
  0.335
  0.170
 -0.257
 -0.173
 -0.716
  0.781
 -1.166
 -0.331
  0.549
 -0.166
  0.434
 -0.612
 -0.156
 -0.293
  0.392
 -0.472
 -0.313
 -0.285
 -0.405
 -0.040
 -0.007
  0.563
 -0.835
  0.896
 -0.086
  0.779
  0.795
  0.712
 -0.025
 -1.207
  1.066
  0.075
  0.241
 -0.510
 -1.022
  0.139
 -0.456
  0.108
  0.568
 -0.243
  0.283
  0.244
  0.025
  0.308
 -0.395
  0.554
 -1.043
 -0.730
  0.499
  0.079
 -0.934
 -0.374
  0.399
  0.043
  0.241
  0.548
  0.211
 -0.294
  0.161
 -0.492
  0.470
 -0.424
  0.062
 -0.225
  0.395
  0.310
 -0.496
 -0.733
  0.574
 -0.363
 -1.365
 -0.781
  0.665
 -0.818
 -0.074
  0.032
 -0.313
 -0.698
 -0.319
  0.043
 -0.642
  0.252
 -1.265
  1.091
  0.968
  0.098
 -0.152
  0.708
 -0.883
  1.141
  1.243
  0.883
  0.034
 -0.225
 -0.611
  1.141
  0.065
 -0.111
 -0.896
  0.877
 -0.770
  0.640
  0.443
  0.370
  1.300
  0.627
 -0.405
 -0.451
  0.013
  0.595
  0.841
 -0.936
  0.408
 -0.082
  0.513
  0.344
 -1.132
 -0.096
  0.392
  0.263
 -0.016
 -0.321
 -0.512
 -1.677
 -0.608
 -0.058
 -0.124
 -0.037
 -0.670
  0.788
 -0.561
 -0.805
 -0.364
 -0.722
 -0.445
  0.085
  0.167
 -1.281
 -0.108
  0.442
  0.422
  1.022
  0.724
  0.794
  0.254
  0.116
 -0.146
 -0.666
  0.199
 -0.447
  0.631
  0.669
  0.609
 -1.263
  1.266
 -0.729
 -0.213
  0.118
 -0.166
  0.596
  0.433
  1.230
  0.561
  0.218
 -0.776
 -1.293
  0.330
  0.170
  0.468
 -0.620
 -0.230
  0.370
 -0.230
  0.464
 -0.492
 -2.098
  0.195
  0.219
  0.064
 -0.996
 -0.313
  0.810
  0.309
 -0.260
 -0.634
  0.308
  0.343
 -0.530
  0.223
  0.136
  0.412
  0.131
 -0.442
 -0.501
  1.261
  0.489
  0.985
 -0.010
 -0.245
 -0.294
 -0.144
 -0.646
  1.104
 -1.246
  0.219
 -0.271
 -0.925
 -0.291
 -0.268
  0.264
 -0.789
 -0.742
  0.129
  0.388
  0.328
  0.062
  0.395
  0.862
 -0.361
  0.041
 -0.562
  0.800
 -0.427
 -0.626
  0.353
 -0.759
 -0.465
  1.340
 -0.000
 -0.497
 -0.895
  0.653
  0.142
  0.049
  0.627
  0.061
 -1.090
  0.172
  1.229
 -0.113
  0.568
  0.387
 -0.868
  0.750
 -0.178
  0.189
  0.621
  0.562
  0.825
  0.338
 -0.092
 -1.238
  0.212
  0.116
  0.042
 -0.701
  0.958
 -0.863
  0.274
 -0.294
  0.524
 -0.206
  0.589
  0.814
  1.261
 -1.469
 -0.703
 -0.155
 -0.033
 -0.040
  0.514
 -0.106
  1.035
 -1.632
  0.546
  0.233
 -0.751
  0.754
 -1.158
 -0.770
  0.398
 -0.097
  0.005
  0.061
  0.889
 -0.745
 -0.834
  0.462
 -0.295
  0.420
 -0.167
  0.124
 -0.356
 -0.217
  0.447
 -0.935
  0.082
 -0.576
  0.545
  0.290
  0.085
  0.129
  0.350
 -1.621
 -0.016
  0.481
  0.221
 -0.276
  0.400
  1.255
  0.745
 -0.198
 -0.774
 -0.277
  0.142
 -0.054
 -0.597
 -0.334
  1.374
  0.451
  0.704
 -1.031
 -0.021
 -0.078
  0.125
  0.330
 -1.279
  0.182
 -0.360
  0.627
 -0.075
 -0.120
  1.464
  0.401
 -0.422
  0.688
 -0.927
  0.237
 -0.361
  0.057
 -0.439
  0.187
  0.014
  1.021
  0.609
  0.541
 -0.470
  0.207
 -0.857
  0.128
  0.178
 -0.694
  0.520
 -0.415
  1.011
  0.438
  0.050
 -0.664
 -1.083
  1.302
  0.053
 -0.372
 -0.257
  0.347
  0.687
 -0.664
 -1.148
  0.056
 -0.164
  0.539
  0.454
  0.299
  0.309
  0.020
  0.972
 -0.756
  0.093
 -0.153
 -1.568
 -0.565
  0.018
  0.290
  0.393
 -0.088
 -0.126
  0.684
  0.648
 -0.045
  0.353
  0.663
 -0.888
 -0.473
  0.085
  0.636
  0.395
 -0.191
  0.153
 -0.311
  0.132
 -0.296
 -0.728
 -0.786
 -0.576
  0.225
  0.891
  0.374
 -0.917
  0.120
 -0.422
  0.171
 -0.839
 -0.615
  0.595
